MemTotal                63865.10        64502.04       514048.00       514048.00      1156463.14
MemFree                 54133.82        55491.66       514026.91       514047.66      1137700.05
MemUsed                  9731.28         9010.38           21.09            0.34        18763.09
Dirty                       0.06            0.16            0.00            0.00            0.23
Writeback                   0.00            0.00            0.00            0.00            0.00
FilePages                 142.00          244.86            0.01            0.00          386.87
AnonPages                 693.88          247.30            0.00            0.00          941.17
PageTables                 12.45            9.35            0.00            0.00           21.80
WritebackTmp                0.00            0.00            0.00            0.00            0.00
MemTotal                63865.10        64502.04       514048.00       514048.00      1156463.14
MemFree                 51857.25        55491.44       514029.70       514047.66      1135426.05
MemUsed                 12007.85         9010.60           18.30            0.34        21037.09
Dirty                       0.06            0.17            0.00            0.00            0.23
Writeback                   0.00            0.00            0.00            0.00            0.00
FilePages                2415.70          245.13            0.01            0.00         2660.84
AnonPages                 693.87          247.87            0.00            0.00          941.74
PageTables                 12.56            9.35            0.00            0.00           21.91
WritebackTmp                0.00            0.00            0.00            0.00            0.00
MemTotal                63865.10        64502.04       514048.00       514048.00      1156463.14
MemFree                 49335.11        55491.19       514029.70       514047.66      1132903.66
MemUsed                 14529.98         9010.85           18.30            0.34        23559.47
Dirty                       0.04            0.12            0.00            0.00            0.16
Writeback                   0.00            0.00            0.00            0.00            0.00
FilePages                4931.86          245.14            0.01            0.00         5177.02
AnonPages                 694.11          247.99            0.00            0.00          942.09
PageTables                 12.68            9.35            0.00            0.00           22.03
WritebackTmp                0.00            0.00            0.00            0.00            0.00
MemTotal                63865.10        64502.04       514048.00       514048.00      1156463.14
MemFree                 46811.23        55491.34       514029.70       514047.66      1130379.93
MemUsed                 17053.87         9010.70           18.30            0.34        26083.21
Dirty                       0.02            0.12            0.00            0.00            0.14
Writeback                   0.00            0.00            0.00            0.00            0.00
FilePages                7449.26          245.15            0.01            0.00         7694.42
AnonPages                 693.70          248.11            0.00            0.00          941.80
PageTables                 12.47            9.35            0.00            0.00           21.82
WritebackTmp                0.00            0.00            0.00            0.00            0.00
MemTotal                63865.10        64502.04       514048.00       514048.00      1156463.14
MemFree                 44291.54        55491.83       514029.70       514047.66      1127860.73
MemUsed                 19573.56         9010.21           18.30            0.34        28602.41
Dirty                       0.03            0.11            0.00            0.00            0.14
Writeback                   0.00            0.00            0.00            0.00            0.00
FilePages                9962.21          245.16            0.01            0.00        10207.38
AnonPages                 692.64          247.42            0.00            0.00          940.06
PageTables                 12.48            9.35            0.00            0.00           21.84
WritebackTmp                0.00            0.00            0.00            0.00            0.00
MemTotal                63865.10        64502.04       514048.00       514048.00      1156463.14
MemFree                 43747.79        55491.73       512048.14       514047.66      1125335.31
MemUsed                 20117.31         9010.30         1999.86            0.34        31127.82
Dirty                       0.01            0.14            0.00            0.00            0.15
Writeback                   0.00            0.00            0.00            0.00            0.00
FilePages               10500.79          245.64         1981.29            0.00        12727.71
AnonPages                 692.59          247.56            0.00            0.00          940.15
PageTables                 12.45            9.35            0.00            0.00           21.80
WritebackTmp                0.00            0.00            0.00            0.00            0.00
MemTotal                63865.10        64502.04       514048.00       514048.00      1156463.14
MemFree                 43871.19        55491.49       509527.89       514047.66      1122938.23
MemUsed                 19993.91         9010.55         4520.11            0.34        33524.91
Dirty                       0.01            0.03            0.01            0.00            0.05
Writeback                   0.00            0.00            0.00            0.00            0.00
FilePages               10370.38          245.83         4501.64            0.00        15117.85
AnonPages                 692.59          247.70            0.16            0.00          940.45
PageTables                 12.53            9.35            0.00            0.00           21.88
WritebackTmp                0.00            0.00            0.00            0.00            0.00
MemTotal                63865.10        64502.04       514048.00       514048.00      1156463.14
MemFree                 43847.84        55492.47       507011.58       514047.66      1120399.55
MemUsed                 20017.26         9009.57         7036.42            0.34        36063.59
Dirty                       0.01            0.09            0.00            0.00            0.10
Writeback                   0.00            0.00            0.00            0.00            0.00
FilePages               10388.51          245.84         7018.25            0.00        17652.60
AnonPages                 692.76          246.89            0.00            0.00          939.66
PageTables                 12.53            9.35            0.00            0.00           21.88
WritebackTmp                0.00            0.00            0.00            0.00            0.00
MemTotal                63865.10        64502.04       514048.00       514048.00      1156463.14
MemFree                 43823.08        55492.47       504554.58       514047.66      1117917.79
MemUsed                 20042.02         9009.57         9493.42            0.34        38545.34
Dirty                       0.02            0.08            0.01            0.00            0.11
Writeback                   0.00            0.00            0.00            0.00            0.00
FilePages               10407.40          245.85         9474.63            0.00        20127.88
AnonPages                 692.61          247.02            0.28            0.00          939.92
PageTables                 12.57            9.35            0.00            0.00           21.92
WritebackTmp                0.00            0.00            0.00            0.00            0.00
MemTotal                63865.10        64502.04       514048.00       514048.00      1156463.14
MemFree                 44063.33        55492.71       502382.37       514047.66      1115986.06
MemUsed                 19801.77         9009.33        11665.63            0.34        40477.07
Dirty                       0.01            0.08            0.00            0.00            0.09
Writeback                   0.00            0.00            0.00            0.00            0.00
FilePages                9940.11          246.17        11635.39            0.00        21821.66
AnonPages                 912.84          247.15            6.92            0.00         1166.91
PageTables                 12.89            9.35            0.00            0.00           22.24
WritebackTmp                0.00            0.00            0.00            0.00            0.00
MemTotal                63865.10        64502.04       514048.00       514048.00      1156463.14
MemFree                 44077.89        55492.71       501612.57       514047.66      1115230.83
MemUsed                 19787.20         9009.33        12435.43            0.34        41232.30
Dirty                       0.02            0.09            0.02            0.00            0.12
Writeback                   0.00            0.00            0.00            0.00            0.00
FilePages                9169.98          246.18        12405.51            0.00        21821.67
AnonPages                1666.80          247.27            6.92            0.00         1921.00
PageTables                 14.20            9.35            0.00            0.00           23.55
WritebackTmp                0.00            0.00            0.00            0.00            0.00
MemTotal                63865.10        64502.04       514048.00       514048.00      1156463.14
MemFree                 44093.67        55492.71       500842.79       514047.66      1114476.82
MemUsed                 19771.43         9009.33        13205.21            0.34        41986.31
Dirty                       0.01            0.09            0.00            0.00            0.11
Writeback                   0.00            0.00            0.00            0.00            0.00
FilePages                8399.86          246.18        13175.64            0.00        21821.68
AnonPages                2416.91          247.40            6.92            0.00         2671.23
PageTables                 15.72            9.35            0.00            0.00           25.07
WritebackTmp                0.00            0.00            0.00            0.00            0.00
MemTotal                63865.10        64502.04       514048.00       514048.00      1156463.14
MemFree                 44108.01        55492.74       500108.20       514047.66      1113756.61
MemUsed                 19757.09         9009.30        13939.80            0.34        42706.53
Dirty                       0.02            0.09            0.01            0.00            0.12
Writeback                   0.00            0.00            0.00            0.00            0.00
FilePages                7665.12          246.19        13910.39            0.00        21821.70
AnonPages                3132.92          247.53            6.92            0.00         3387.37
PageTables                 17.21            9.35            0.00            0.00           26.56
WritebackTmp                0.00            0.00            0.00            0.00            0.00
MemTotal                63865.10        64502.04       514048.00       514048.00      1156463.14
MemFree                 44059.88        55492.49       499433.94       514047.66      1113033.97
MemUsed                 19805.21         9009.55        14614.06            0.34        43429.16
Dirty                       0.01            0.02            0.00            0.00            0.03
Writeback                   0.00            0.00            0.00            0.00            0.00
FilePages                6989.33          246.20        14586.18            0.00        21821.71
AnonPages                3856.87          247.65            6.92            0.00         4111.44
PageTables                 18.56            9.35            0.00            0.00           27.91
WritebackTmp                0.00            0.00            0.00            0.00            0.00
MemTotal                63865.10        64502.04       514048.00       514048.00      1156463.14
MemFree                 44064.38        55492.49       498700.83       514047.66      1112305.36
MemUsed                 19800.72         9009.55        15347.17            0.34        44157.78
Dirty                       0.01            0.03            0.01            0.00            0.05
Writeback                   0.00            0.00            0.00            0.00            0.00
FilePages                6255.99          246.21        15319.51            0.00        21821.71
AnonPages                4582.95          247.78            6.92            0.00         4837.64
PageTables                 20.02            9.35            0.00            0.00           29.37
WritebackTmp                0.00            0.00            0.00            0.00            0.00
MemTotal                63865.10        64502.04       514048.00       514048.00      1156463.14
MemFree                 44100.13        55492.49       497933.05       514047.66      1111573.33
MemUsed                 19764.96         9009.55        16114.95            0.34        44889.80
Dirty                       0.00            0.00            0.00            0.00            0.00
Writeback                   0.00            0.00            0.00            0.00            0.00
FilePages                5485.87          246.21        16089.64            0.00        21821.72
AnonPages                5314.91          247.88            6.92            0.00         5569.71
PageTables                 21.63            9.35            0.00            0.00           30.98
WritebackTmp                0.00            0.00            0.00            0.00            0.00
MemTotal                63865.10        64502.04       514048.00       514048.00      1156463.14
MemFree                 44117.01        55492.49       497163.02       514047.66      1110820.18
MemUsed                 19748.09         9009.55        16884.98            0.34        45642.96
Dirty                       0.01            0.00            0.01            0.00            0.02
Writeback                   0.00            0.00            0.00            0.00            0.00
FilePages                4716.00          246.22        16859.51            0.00        21821.73
AnonPages                6062.97          247.98            6.92            0.00         6317.87
PageTables                 23.12            9.35            0.00            0.00           32.47
WritebackTmp                0.00            0.00            0.00            0.00            0.00
MemTotal                63865.10        64502.04       514048.00       514048.00      1156463.14
MemFree                 44136.43        55492.49       496393.16       514047.66      1110069.75
MemUsed                 19728.66         9009.55        17654.84            0.34        46393.39
Dirty                       0.01            0.00            0.00            0.00            0.01
Writeback                   0.00            0.00            0.00            0.00            0.00
FilePages                3945.88          246.23        17629.64            0.00        21821.74
AnonPages                6812.89          248.09            6.92            0.00         7067.90
PageTables                 24.53            9.35            0.00            0.00           33.88
WritebackTmp                0.00            0.00            0.00            0.00            0.00
MemTotal                63865.10        64502.04       514048.00       514048.00      1156463.14
MemFree                 44025.05        55492.49       495777.93       514047.66      1109343.12
MemUsed                 19840.05         9009.55        18270.07            0.34        47120.01
Dirty                       0.01            0.00            0.00            0.00            0.01
Writeback                   0.00            0.00            0.00            0.00            0.00
FilePages                3330.00          246.24        18245.51            0.00        21821.75
AnonPages                7532.95          248.18            6.92            0.00         7788.04
PageTables                 25.95            9.35            0.00            0.00           35.30
WritebackTmp                0.00            0.00            0.00            0.00            0.00
MemTotal                63865.10        64502.04       514048.00       514048.00      1156463.14
MemFree                 44062.37        55492.49       495007.80       514047.66      1108610.32
MemUsed                 19802.73         9009.55        19040.20            0.34        47852.81
Dirty                       0.02            0.00            0.01            0.00            0.03
Writeback                   0.00            0.00            0.00            0.00            0.00
FilePages                2559.88          246.25        19015.64            0.00        21821.76
AnonPages                8262.95          248.28            6.92            0.00         8518.14
PageTables                 27.23            9.35            0.00            0.00           36.58
WritebackTmp                0.00            0.00            0.00            0.00            0.00
MemTotal                63865.10        64502.04       514048.00       514048.00      1156463.14
MemFree                 44110.15        55492.00       494238.19       514047.66      1107888.00
MemUsed                 19754.95         9010.04        19809.81            0.34        48575.14
Dirty                       0.01            0.04            0.00            0.00            0.05
Writeback                   0.00            0.00            0.00            0.00            0.00
FilePages                1790.00          247.41        19785.51            0.00        21822.92
AnonPages                8980.96          248.38            6.92            0.00         9236.26
PageTables                 28.61            9.35            0.00            0.00           37.96
WritebackTmp                0.00            0.00            0.00            0.00            0.00
MemTotal                63865.10        64502.04       514048.00       514048.00      1156463.14
MemFree                 44061.54        55492.00       493562.91       514047.66      1107164.10
MemUsed                 19803.56         9010.04        20485.09            0.34        49299.04
Dirty                       0.01            0.03            0.01            0.00            0.05
Writeback                   0.00            0.00            0.00            0.00            0.00
FilePages                1114.92          247.40        20460.57            0.00        21822.90
AnonPages                9702.97          248.48            6.92            0.00         9958.37
PageTables                 30.02            9.35            0.00            0.00           39.37
WritebackTmp                0.00            0.00            0.00            0.00            0.00
MemTotal                63865.10        64502.04       514048.00       514048.00      1156463.14
MemFree                 44020.54        55491.75       492852.43       514047.66      1106412.39
MemUsed                 19844.55         9010.29        21195.57            0.34        50050.75
Dirty                       0.01            0.00            0.00            0.00            0.01
Writeback                   0.00            0.00            0.00            0.00            0.00
FilePages                 404.00          247.42        21171.51            0.00        21822.93
AnonPages               10450.89          248.58            6.92            0.00        10706.39
PageTables                 31.62            9.35            0.00            0.00           40.98
WritebackTmp                0.00            0.00            0.00            0.00            0.00
MemTotal                63865.10        64502.04       514048.00       514048.00      1156463.14
MemFree                 44106.03        55492.74       492074.65       514047.66      1105721.08
MemUsed                 19759.07         9009.30        21973.35            0.34        50742.06
Dirty                       0.05            0.13            0.02            0.00            0.20
Writeback                   0.00            0.00            0.00            0.00            0.00
FilePages                 138.33          247.44        21437.18            0.00        21822.95
AnonPages               10628.91          247.74          518.92            0.00        11395.56
PageTables                 32.78            9.35            0.00            0.00           42.13
WritebackTmp                0.00            0.00            0.00            0.00            0.00
MemTotal                63865.10        64502.04       514048.00       514048.00      1156463.14
MemFree                 44055.48        55492.74       491382.90       514047.66      1104978.77
MemUsed                 19809.62         9009.30        22665.10            0.34        51484.37
Dirty                       0.05            0.14            0.00            0.00            0.20
Writeback                   0.00            0.00            0.00            0.00            0.00
FilePages                 138.33          247.45        21437.19            0.00        21822.97
AnonPages               10674.91          247.84         1206.92            0.00        12129.66
PageTables                 34.41            9.35            0.00            0.00           43.76
WritebackTmp                0.00            0.00            0.00            0.00            0.00
MemTotal                63865.10        64502.04       514048.00       514048.00      1156463.14
MemFree                 44032.83        55492.74       490674.65       514047.66      1104247.88
MemUsed                 19832.27         9009.30        23373.35            0.34        52215.26
Dirty                       0.05            0.16            0.02            0.00            0.22
Writeback                   0.00            0.00            0.00            0.00            0.00
FilePages                 138.33          247.46        21437.19            0.00        21822.98
AnonPages               10696.63          247.93         1917.28            0.00        12861.84
PageTables                 35.69            9.35            0.00            0.00           45.04
WritebackTmp                0.00            0.00            0.00            0.00            0.00
MemTotal                63865.10        64502.04       514048.00       514048.00      1156463.14
MemFree                 44057.10        55492.74       489906.65       514047.66      1103504.15
MemUsed                 19808.00         9009.30        24141.35            0.34        52958.99
Dirty                       0.01            0.04            0.00            0.00            0.05
Writeback                   0.00            0.00            0.00            0.00            0.00
FilePages                 138.33          247.46        21437.19            0.00        21822.98
AnonPages               10672.66          248.21         2687.28            0.00        13608.16
PageTables                 37.33            9.35            0.00            0.00           46.68
WritebackTmp                0.00            0.00            0.00            0.00            0.00
MemTotal                63865.10        64502.04       514048.00       514048.00      1156463.14
MemFree                 44082.34        55492.74       489134.90       514047.66      1102757.63
MemUsed                 19782.76         9009.30        24913.10            0.34        53705.50
Dirty                       0.01            0.04            0.02            0.00            0.07
Writeback                   0.00            0.00            0.00            0.00            0.00
FilePages                 138.33          247.47        21437.19            0.00        21823.00
AnonPages               10640.56          248.32         3457.28            0.00        14346.16
PageTables                 38.37            9.35            0.00            0.00           47.72
WritebackTmp                0.00            0.00            0.00            0.00            0.00
MemTotal                63865.10        64502.04       514048.00       514048.00      1156463.14
MemFree                 44102.85        55492.74       488366.90       514047.66      1102010.14
MemUsed                 19762.25         9009.30        25681.10            0.34        54452.99
Dirty                       0.00            0.00            0.00            0.00            0.00
Writeback                   0.00            0.00            0.00            0.00            0.00
FilePages                 138.33          247.54        21437.19            0.00        21823.06
AnonPages               10618.58          248.25         4227.28            0.00        15094.11
PageTables                 40.16            9.35            0.00            0.00           49.51
WritebackTmp                0.00            0.00            0.00            0.00            0.00
MemTotal                63865.10        64502.04       514048.00       514048.00      1156463.14
MemFree                 44044.30        55491.75       487682.90       514047.66      1101266.61
MemUsed                 19820.80         9010.29        26365.10            0.34        55196.53
Dirty                       0.01            0.01            0.02            0.00            0.04
Writeback                   0.00            0.00            0.00            0.00            0.00
FilePages                 138.33          248.02        21437.20            0.00        21823.54
AnonPages               10674.66          248.40         4907.28            0.00        15830.34
PageTables                 41.65            9.35            0.00            0.00           51.00
WritebackTmp                0.00            0.00            0.00            0.00            0.00
MemTotal                63865.10        64502.04       514048.00       514048.00      1156463.14
MemFree                 44038.00        55491.32       486979.21       514047.66      1100556.19
MemUsed                 19827.09         9010.72        27068.79            0.34        55906.95
Dirty                       0.01            0.21            0.00            0.00            0.22
Writeback                   0.00            0.00            0.00            0.00            0.00
FilePages                 138.33          248.43        21437.20            0.00        21823.95
AnonPages               10678.64          248.54         5615.28            0.00        16542.46
PageTables                 42.83            9.35            0.00            0.00           52.18
WritebackTmp                0.00            0.00            0.00            0.00            0.00
MemTotal                63865.10        64502.04       514048.00       514048.00      1156463.14
MemFree                 44091.22        55491.32       486207.21       514047.66      1099837.41
MemUsed                 19773.88         9010.72        27840.79            0.34        56625.73
Dirty                       0.01            0.20            0.02            0.00            0.23
Writeback                   0.00            0.00            0.00            0.00            0.00
FilePages                 138.33          248.43        21437.20            0.00        21823.96
AnonPages               10620.74          248.66         6385.28            0.00        17254.68
PageTables                 44.30            9.35            0.00            0.00           53.65
WritebackTmp                0.00            0.00            0.00            0.00            0.00
MemTotal                63865.10        64502.04       514048.00       514048.00      1156463.14
MemFree                 44095.82        55490.82       485455.21       514047.66      1099089.52
MemUsed                 19769.27         9011.21        28592.79            0.34        57373.62
Dirty                       0.01            0.20            0.00            0.00            0.21
Writeback                   0.00            0.00            0.00            0.00            0.00
FilePages                 138.33          248.44        21437.20            0.00        21823.97
AnonPages               10614.66          248.80         7135.28            0.00        17998.74
PageTables                 45.86            9.35            0.00            0.00           55.21
WritebackTmp                0.00            0.00            0.00            0.00            0.00
MemTotal                63865.10        64502.04       514048.00       514048.00      1156463.14
MemFree                 43985.83        55490.82       484819.46       514047.66      1098343.77
MemUsed                 19879.27         9011.21        29228.54            0.34        58119.36
Dirty                       0.01            0.20            0.02            0.00            0.23
Writeback                   0.00            0.00            0.00            0.00            0.00
FilePages                 138.33          248.45        21437.20            0.00        21823.98
AnonPages               10724.52          248.95         7771.28            0.00        18744.75
PageTables                 47.25            9.35            0.00            0.00           56.60
WritebackTmp                0.00            0.00            0.00            0.00            0.00
MemTotal                63865.10        64502.04       514048.00       514048.00      1156463.14
MemFree                 44043.45        55490.58       484047.63       514047.66      1097629.31
MemUsed                 19821.65         9011.46        30000.37            0.34        58833.82
Dirty                       0.01            0.20            0.00            0.00            0.21
Writeback                   0.00            0.00            0.00            0.00            0.00
FilePages                 138.34          248.46        21437.20            0.00        21824.00
AnonPages               10662.80          248.12         8543.28            0.00        19454.20
PageTables                 48.58            9.35            0.00            0.00           57.93
WritebackTmp                0.00            0.00            0.00            0.00            0.00
MemTotal                63865.10        64502.04       514048.00       514048.00      1156463.14
MemFree                 44100.18        55491.81       483277.88       514047.66      1096917.53
MemUsed                 19764.91         9010.23        30770.12            0.34        59545.61
Dirty                       0.03            0.21            0.00            0.00            0.24
Writeback                   0.00            0.00            0.00            0.00            0.00
FilePages                 138.36          248.52        21437.20            0.00        21824.09
AnonPages               10606.59          247.30         9313.28            0.00        20167.16
PageTables                 50.12            9.35            0.00            0.00           59.47
WritebackTmp                0.00            0.00            0.00            0.00            0.00
MemTotal                63865.10        64502.04       514048.00       514048.00      1156463.14
MemFree                 44009.63        55492.05       482661.88       514047.66      1096211.22
MemUsed                 19855.47         9009.98        31386.12            0.34        60251.92
Dirty                       0.02            0.03            0.02            0.00            0.07
Writeback                   0.00            0.00            0.00            0.00            0.00
FilePages                 138.36          248.53        21437.20            0.00        21824.09
AnonPages               10694.75          247.42         9929.28            0.00        20871.45
PageTables                 51.60            9.35            0.00            0.00           60.95
WritebackTmp                0.00            0.00            0.00            0.00            0.00
MemTotal                63865.10        64502.04       514048.00       514048.00      1156463.14
MemFree                 44093.90        55491.81       481887.88       514047.66      1095521.25
MemUsed                 19771.20         9010.23        32160.12            0.34        60941.89
Dirty                       0.03            0.09            0.00            0.00            0.12
Writeback                   0.00            0.00            0.00            0.00            0.00
FilePages                 138.36          248.54        21437.20            0.00        21824.10
AnonPages               10602.72          247.54        10705.28            0.00        21555.54
PageTables                 52.89            9.35            0.00            0.00           62.24
WritebackTmp                0.00            0.00            0.00            0.00            0.00
MemTotal                63865.10        64502.04       514048.00       514048.00      1156463.14
MemFree                 44043.66        55491.81       481215.64       514047.66      1094798.77
MemUsed                 19821.43         9010.23        32832.36            0.34        61664.37
Dirty                       0.03            0.09            0.02            0.00            0.14
Writeback                   0.00            0.00            0.00            0.00            0.00
FilePages                 138.36          248.55        21437.20            0.00        21824.11
AnonPages               10652.20          247.67        11369.73            0.00        22269.61
PageTables                 54.24            9.35            0.00            0.00           63.59
WritebackTmp                0.00            0.00            0.00            0.00            0.00
MemTotal                63865.10        64502.04       514048.00       514048.00      1156463.14
MemFree                 44520.64        55491.81       480025.42       514047.66      1094085.53
MemUsed                 19344.45         9010.23        34022.58            0.34        62377.61
Dirty                       0.03            0.10            0.00            0.00            0.13
Writeback                   0.00            0.00            0.00            0.00            0.00
FilePages                 138.37          248.55        21437.20            0.00        21824.12
AnonPages               10166.36          247.79        12557.74            0.00        22971.89
PageTables                 55.70            9.35            0.00            0.00           65.05
WritebackTmp                0.00            0.00            0.00            0.00            0.00
MemTotal                63865.10        64502.04       514048.00       514048.00      1156463.14
MemFree                 43993.85        55491.81       479841.42       514047.66      1093374.74
MemUsed                 19871.25         9010.23        34206.58            0.34        63088.40
Dirty                       0.03            0.10            0.02            0.00            0.14
Writeback                   0.00            0.00            0.00            0.00            0.00
FilePages                 138.37          248.56        21437.20            0.00        21824.13
AnonPages               10692.29          247.91        12741.67            0.00        23681.87
PageTables                 57.01            9.35            0.00            0.00           66.36
WritebackTmp                0.00            0.00            0.00            0.00            0.00
MemTotal                63865.10        64502.04       514048.00       514048.00      1156463.14
MemFree                 44059.39        55491.56       479041.68       514047.66      1092640.29
MemUsed                 19805.71         9010.48        35006.32            0.34        63822.85
Dirty                       0.03            0.10            0.00            0.00            0.13
Writeback                   0.00            0.00            0.00            0.00            0.00
FilePages                 138.37          248.57        21437.20            0.00        21824.14
AnonPages               10626.38          248.01        13539.68            0.00        24414.07
PageTables                 58.30            9.35            0.00            0.00           67.65
WritebackTmp                0.00            0.00            0.00            0.00            0.00
MemTotal                63865.10        64502.04       514048.00       514048.00      1156463.14
MemFree                 44036.72        55491.56       478317.68       514047.66      1091893.62
MemUsed                 19828.38         9010.48        35730.32            0.34        64569.52
Dirty                       0.03            0.10            0.02            0.00            0.14
Writeback                   0.00            0.00            0.00            0.00            0.00
FilePages                 138.37          248.58        21437.20            0.00        21824.15
AnonPages               10650.35          248.10        14261.73            0.00        25160.18
PageTables                 59.86            9.35            0.00            0.00           69.21
WritebackTmp                0.00            0.00            0.00            0.00            0.00
MemTotal                63865.10        64502.04       514048.00       514048.00      1156463.14
MemFree                 43953.90        55491.32       477700.94       514047.66      1091193.82
MemUsed                 19911.20         9010.72        36347.06            0.34        65269.32
Dirty                       0.01            0.01            0.00            0.00            0.02
Writeback                   0.00            0.00            0.00            0.00            0.00
FilePages                 138.37          248.59        21437.21            0.00        21824.16
AnonPages               10729.88          248.20        14875.66            0.00        25853.73
PageTables                 61.27            9.35            0.00            0.00           70.62
WritebackTmp                0.00            0.00            0.00            0.00            0.00
MemTotal                63865.10        64502.04       514048.00       514048.00      1156463.14
MemFree                 43947.98        55491.32       477024.54       514047.66      1090511.50
MemUsed                 19917.12         9010.72        37023.46            0.34        65951.64
Dirty                       0.01            0.01            0.02            0.00            0.04
Writeback                   0.00            0.00            0.00            0.00            0.00
FilePages                 138.37          248.59        21437.21            0.00        21824.17
AnonPages               10732.36          248.30        15549.79            0.00        26530.45
PageTables                 62.67            9.35            0.00            0.00           72.02
WritebackTmp                0.00            0.00            0.00            0.00            0.00
MemTotal                63865.10        64502.04       514048.00       514048.00      1156463.14
MemFree                 43945.36        55491.32       476348.40       514047.66      1089832.73
MemUsed                 19919.73         9010.72        37699.60            0.34        66630.40
Dirty                       0.01            0.01            0.00            0.00            0.02
Writeback                   0.00            0.00            0.00            0.00            0.00
FilePages                 138.37          248.60        21437.21            0.00        21824.18
AnonPages               10732.28          248.40        16227.80            0.00        27208.48
PageTables                 63.92            9.35            0.00            0.00           73.27
WritebackTmp                0.00            0.00            0.00            0.00            0.00
MemTotal                63865.10        64502.04       514048.00       514048.00      1156463.14
MemFree                 44094.24        55491.07       475496.47       514047.66      1089129.44
MemUsed                 19770.86         9010.97        38551.53            0.34        67333.70
Dirty                       0.01            0.01            0.02            0.00            0.04
Writeback                   0.00            0.00            0.00            0.00            0.00
FilePages                 138.37          248.61        21437.21            0.00        21824.18
AnonPages               10582.40          248.50        17079.73            0.00        27910.62
PageTables                 65.21            9.35            0.00            0.00           74.56
WritebackTmp                0.00            0.00            0.00            0.00            0.00
MemTotal                63865.10        64502.04       514048.00       514048.00      1156463.14
MemFree                 44015.93        55491.07       474860.47       514047.66      1088415.13
MemUsed                 19849.17         9010.97        39187.53            0.34        68048.01
Dirty                       0.01            0.01            0.00            0.00            0.02
Writeback                   0.00            0.00            0.00            0.00            0.00
FilePages                 138.37          248.62        21437.21            0.00        21824.20
AnonPages               10656.47          247.81        17721.68            0.00        28625.96
PageTables                 66.71            9.35            0.00            0.00           76.06
WritebackTmp                0.00            0.00            0.00            0.00            0.00
MemTotal                63865.10        64502.04       514048.00       514048.00      1156463.14
MemFree                 43988.89        55490.82       474156.47       514047.66      1087683.85
MemUsed                 19876.20         9011.21        39891.53            0.34        68779.29
Dirty                       0.01            0.01            0.02            0.00            0.04
Writeback                   0.00            0.00            0.00            0.00            0.00
FilePages                 138.37          248.62        21437.21            0.00        21824.20
AnonPages               10680.53          247.91        18421.67            0.00        29350.11
PageTables                 67.92            9.35            0.00            0.00           77.27
WritebackTmp                0.00            0.00            0.00            0.00            0.00
MemTotal                63865.10        64502.04       514048.00       514048.00      1156463.14
MemFree                 43965.89        55490.82       473468.72       514047.66      1086973.09
MemUsed                 19899.21         9011.21        40579.28            0.34        69490.05
Dirty                       0.01            0.01            0.00            0.00            0.02
Writeback                   0.00            0.00            0.00            0.00            0.00
FilePages                 138.37          248.63        21437.21            0.00        21824.21
AnonPages               10700.48          248.00        19107.67            0.00        30056.16
PageTables                 69.48            9.35            0.00            0.00           78.83
WritebackTmp                0.00            0.00            0.00            0.00            0.00
MemTotal                63865.10        64502.04       514048.00       514048.00      1156463.14
MemFree                 44202.52        55490.58       472073.08       514047.66      1085813.83
MemUsed                 19662.58         9011.46        41974.92            0.34        70649.30
Dirty                       0.01            0.06            0.02            0.00            0.09
Writeback                   0.00            0.00            0.00            0.00            0.00
FilePages                 138.37          248.64        21437.21            0.00        21824.22
AnonPages               10460.56          247.32        20505.70            0.00        31213.58
PageTables                 72.23            9.35            0.00            0.00           81.58
WritebackTmp                0.00            0.00            0.00            0.00            0.00
MemTotal                63865.10        64502.04       514048.00       514048.00      1156463.14
MemFree                 43705.05        55490.58       466415.04       514047.66      1079658.32
MemUsed                 20160.05         9011.46        47632.96            0.34        76804.82
Dirty                       0.01            0.09            0.00            0.00            0.10
Writeback                   0.00            0.00            0.00            0.00            0.00
FilePages                 138.37          248.65        21437.21            0.00        21824.23
AnonPages               10932.53          247.36        26171.79            0.00        37351.68
PageTables                 83.57            9.35            0.00            0.00           92.92
WritebackTmp                0.00            0.00            0.00            0.00            0.00
MemTotal                63865.10        64502.04       514048.00       514048.00      1156463.14
MemFree                 44010.43        55490.82       465725.14       514047.66      1079274.05
MemUsed                 19854.66         9011.21        48322.86            0.34        77189.09
Dirty                       0.00            0.05            0.02            0.00            0.08
Writeback                   0.00            0.00            0.00            0.00            0.00
FilePages                 138.37          248.66        21437.22            0.00        21824.24
AnonPages               10625.93          247.46        26865.63            0.00        37739.02
PageTables                 84.59            9.35            0.00            0.00           93.94
WritebackTmp                0.00            0.00            0.00            0.00            0.00
MemTotal                63865.10        64502.04       514048.00       514048.00      1156463.14
MemFree                 44011.24        55490.58       465725.14       514047.66      1079274.61
MemUsed                 19853.86         9011.46        48322.86            0.34        77188.52
Dirty                       0.00            0.00            0.00            0.00            0.00
Writeback                   0.00            0.00            0.00            0.00            0.00
FilePages                 138.37          248.66        21437.22            0.00        21824.25
AnonPages               10625.95          247.56        26865.63            0.00        37739.14
PageTables                 84.58            9.36            0.00            0.00           93.94
WritebackTmp                0.00            0.00            0.00            0.00            0.00
MemTotal                63865.10        64502.04       514048.00       514048.00      1156463.14
MemFree                 44011.02        55490.33       465725.14       514047.66      1079274.14
MemUsed                 19854.08         9011.71        48322.86            0.34        77189.00
Dirty                       0.01            0.00            0.02            0.00            0.02
Writeback                   0.00            0.00            0.00            0.00            0.00
FilePages                 138.37          248.67        21437.22            0.00        21824.26
AnonPages               10625.93          247.81        26865.63            0.00        37739.37
PageTables                 84.57            9.36            0.00            0.00           93.92
WritebackTmp                0.00            0.00            0.00            0.00            0.00
MemTotal                63865.10        64502.04       514048.00       514048.00      1156463.14
MemFree                 43679.84        55490.35       460665.14       514047.66      1073882.98
MemUsed                 20185.25         9011.69        53382.86            0.34        82580.15
Dirty                       0.00            0.00            0.00            0.00            0.00
Writeback                   0.00            0.00            0.00            0.00            0.00
FilePages                 138.37          248.69        21437.22            0.00        21824.27
AnonPages               10933.23          247.85        31919.71            0.00        43100.80
PageTables                 95.00            9.36            0.00            0.00          104.36
WritebackTmp                0.00            0.00            0.00            0.00            0.00
MemTotal                63865.10        64502.04       514048.00       514048.00      1156463.14
MemFree                 43821.92        55490.10       454297.39       514047.66      1067657.07
MemUsed                 20043.18         9011.94        59750.61            0.34        88806.07
Dirty                       0.01            0.00            0.02            0.00            0.02
Writeback                   0.00            0.00            0.00            0.00            0.00
FilePages                 138.37          248.70        21437.22            0.00        21824.28
AnonPages               10768.95          248.02        38289.69            0.00        49306.66
PageTables                107.16            9.36            0.00            0.00          116.52
WritebackTmp                0.00            0.00            0.00            0.00            0.00
MemTotal                63865.10        64502.04       514048.00       514048.00      1156463.14
MemFree                 43922.04        55489.61       452131.41       514047.66      1065590.71
MemUsed                 19943.06         9012.43        61916.59            0.34        90872.43
Dirty                       0.02            0.07            0.00            0.00            0.09
Writeback                   0.00            0.00            0.00            0.00            0.00
FilePages                 138.37          252.21        21437.22            0.00        21827.80
AnonPages               10659.17          247.08        40461.63            0.00        51367.88
PageTables                111.23            9.36            0.00            0.00          120.59
WritebackTmp                0.00            0.00            0.00            0.00            0.00
MemTotal                63865.10        64502.04       514048.00       514048.00      1156463.14
MemFree                 43944.17        55488.88       450695.41       514047.66      1064176.11
MemUsed                 19920.93         9013.16        63352.59            0.34        92287.03
Dirty                       0.01            0.02            0.02            0.00            0.05
Writeback                   0.00            0.00            0.00            0.00            0.00
FilePages                 138.37          252.22        21437.22            0.00        21827.81
AnonPages               10633.11          247.43        41893.64            0.00        52774.18
PageTables                114.02            9.36            0.00            0.00          123.37
WritebackTmp                0.00            0.00            0.00            0.00            0.00
MemTotal                63865.10        64502.04       514048.00       514048.00      1156463.14
MemFree                 43910.89        55488.14       449419.41       514047.66      1062866.09
MemUsed                 19954.21         9013.90        64628.59            0.34        93597.05
Dirty                       0.00            0.00            0.00            0.00            0.00
Writeback                   0.00            0.00            0.00            0.00            0.00
FilePages                 138.37          252.23        21437.22            0.00        21827.82
AnonPages               10663.18          247.58        43167.68            0.00        54078.43
PageTables                116.50            9.36            0.00            0.00          125.85
WritebackTmp                0.00            0.00            0.00            0.00            0.00
MemTotal                63865.10        64502.04       514048.00       514048.00      1156463.14
MemFree                 43869.15        55487.86       448235.41       514047.66      1061640.07
MemUsed                 19995.95         9014.18        65812.59            0.34        94823.07
Dirty                       0.00            0.00            0.02            0.00            0.02
Writeback                   0.00            0.00            0.00            0.00            0.00
FilePages                 138.37          252.24        21437.22            0.00        21827.83
AnonPages               10695.13          247.77        44357.70            0.00        55300.61
PageTables                118.82            9.36            0.00            0.00          128.18
WritebackTmp                0.00            0.00            0.00            0.00            0.00
MemTotal                63865.10        64502.04       514048.00       514048.00      1156463.14
MemFree                 43930.21        55487.36       446985.89       514047.66      1060451.12
MemUsed                 19934.89         9014.68        67062.11            0.34        96012.02
Dirty                       0.00            0.00            0.00            0.00            0.00
Writeback                   0.00            0.00            0.00            0.00            0.00
FilePages                 138.37          252.25        21437.23            0.00        21827.84
AnonPages               10631.55          248.07        45597.34            0.00        56476.96
PageTables                121.23            9.36            0.00            0.00          130.58
WritebackTmp                0.00            0.00            0.00            0.00            0.00
